{
 "cells": [
  {
   "cell_type": "markdown",
   "metadata": {},
   "source": [
    "An치lisis de componentes principales"
   ]
  },
  {
   "cell_type": "code",
   "execution_count": 24,
   "metadata": {},
   "outputs": [],
   "source": [
    "import pandas as pd\n",
    "import numpy as np\n"
   ]
  },
  {
   "cell_type": "code",
   "execution_count": 6,
   "metadata": {},
   "outputs": [],
   "source": [
    "base = pd.read_csv(\".\\\\AumentadaPFLD.csv\")  #leer la base"
   ]
  },
  {
   "cell_type": "code",
   "execution_count": 52,
   "metadata": {},
   "outputs": [],
   "source": [
    "Covarianza = base.cov().to_numpy()#matriz de covarianza\n",
    "Correlacion = base.corr()#matriz de correlaci칩n"
   ]
  },
  {
   "cell_type": "code",
   "execution_count": 59,
   "metadata": {},
   "outputs": [
    {
     "data": {
      "text/plain": [
       "array([[ 635.68188347,  656.47619971,  464.62303775,  667.57803846,\n",
       "         407.46947903,  562.1382119 ,  717.12910752,  502.88613813,\n",
       "         365.55756443,  497.09551181,  528.25162037,  583.50428733,\n",
       "         534.28356106,  539.17059781,  638.20387856,  442.29643334,\n",
       "         396.3704974 ,  350.32943251,  397.05064835,  395.61788428,\n",
       "         429.17310635,  396.56075298,  435.39937382,  501.78926031,\n",
       "         440.33205959,  415.78560918,  488.69976998,  698.6055117 ,\n",
       "         769.30460002,  633.65563467],\n",
       "       [ 656.47619971, 1210.78939658,  577.88314794,  890.52035944,\n",
       "         549.21395944,  668.04751738, 1033.67571565,  552.83791213,\n",
       "         492.79792519,  572.95061973,  659.01182333,  659.82447641,\n",
       "         617.63255634,  597.52865072,  698.98636316,  806.03039632,\n",
       "         505.38724892,  390.2241856 ,  399.8702055 ,  455.52188932,\n",
       "         497.37291567,  383.68348046,  439.86875024,  483.40202765,\n",
       "         432.97714318,  469.09464085,  536.52155173,  650.35060818,\n",
       "         725.31926906, 1010.26922682],\n",
       "       [ 464.62303775,  577.88314794,  499.34867756,  682.84333105,\n",
       "         426.34089523,  574.58189079,  704.64159661,  536.63837517,\n",
       "         376.90133334,  473.82257338,  494.88310311,  556.17465472,\n",
       "         528.03143459,  434.62630429,  600.81662526,  386.96916012,\n",
       "         412.74839831,  350.14787816,  347.30766647,  392.8825955 ,\n",
       "         404.49727025,  330.8323421 ,  363.50188338,  411.08471561,\n",
       "         390.88079718,  420.34030169,  459.9284388 ,  625.69056233,\n",
       "         670.49809259,  534.543318  ],\n",
       "       [ 667.57803846,  890.52035944,  682.84333105, 1346.47400377,\n",
       "         614.73867273,  791.12668707, 1337.45807222,  874.40465682,\n",
       "         569.76799628,  626.90607466,  600.87931833,  766.91788856,\n",
       "         749.70999043,  628.65868117,  824.58311533,  606.26341912,\n",
       "         656.20912606,  504.21066812,  486.33541305,  550.62732393,\n",
       "         578.902077  ,  459.68161975,  507.19571037,  584.82036731,\n",
       "         564.41138527,  602.77639292,  634.6920892 ,  949.84093909,\n",
       "         992.64529797,  749.66421146],\n",
       "       [ 407.46947903,  549.21395944,  426.34089523,  614.73867273,\n",
       "         450.75281304,  490.61020648,  633.48122725,  413.12396328,\n",
       "         378.92630249,  454.127399  ,  481.87369342,  479.90903229,\n",
       "         443.28860275,  374.67643431,  533.38749247,  364.19279789,\n",
       "         393.80831144,  302.74513275,  299.61248274,  322.87679488,\n",
       "         333.0371044 ,  298.4361892 ,  302.31336769,  334.94743597,\n",
       "         335.88837089,  344.29826494,  391.79055823,  476.09792679,\n",
       "         538.27101127,  521.70961923],\n",
       "       [ 562.1382119 ,  668.04751738,  574.58189079,  791.12668707,\n",
       "         490.61020648,  708.78790908,  824.90669074,  628.98157906,\n",
       "         442.03493812,  572.19802228,  592.27631459,  681.79840497,\n",
       "         651.89619431,  530.42045005,  733.18781323,  453.54213071,\n",
       "         484.0612607 ,  439.49503661,  432.6967213 ,  489.90859035,\n",
       "         502.41503609,  409.3970026 ,  450.97784474,  513.2849223 ,\n",
       "         490.24637932,  526.38040825,  566.055624  ,  795.98795046,\n",
       "         837.8321475 ,  617.34176341],\n",
       "       [ 717.12910752, 1033.67571565,  704.64159661, 1337.45807222,\n",
       "         633.48122725,  824.90669074, 1598.02422395,  893.34460669,\n",
       "         612.54293174,  648.83786917,  672.55080808,  800.1121028 ,\n",
       "         778.96187537,  674.88613477,  847.21256111,  721.94292661,\n",
       "         691.49657902,  532.71767936,  521.35041606,  589.37812336,\n",
       "         623.6417267 ,  488.24178846,  547.11776031,  629.19899129,\n",
       "         596.94153573,  637.16999528,  663.94209466,  987.04085416,\n",
       "        1015.8766265 ,  858.48514452],\n",
       "       [ 502.88613813,  552.83791213,  536.63837517,  874.40465682,\n",
       "         413.12396328,  628.98157906,  893.34460669,  845.45188713,\n",
       "         429.24280244,  461.93506376,  413.14902941,  603.9834336 ,\n",
       "         607.14997212,  481.99650602,  642.43220308,  388.62676598,\n",
       "         521.09015041,  458.49471311,  426.81749075,  481.67984402,\n",
       "         495.261644  ,  391.93315902,  432.27953135,  522.4072712 ,\n",
       "         512.65031311,  550.7117024 ,  506.30058935,  897.76893933,\n",
       "         853.93623232,  447.42669566],\n",
       "       [ 365.55756443,  492.79792519,  376.90133334,  569.76799628,\n",
       "         378.92630249,  442.03493812,  612.54293174,  429.24280244,\n",
       "         389.46203934,  391.00887046,  434.27232453,  427.87306934,\n",
       "         401.91172512,  341.41330698,  466.26321529,  340.90360949,\n",
       "         385.61867621,  311.08846899,  301.25069246,  328.23165976,\n",
       "         335.24135248,  288.05973446,  304.93186241,  345.95172497,\n",
       "         337.1300427 ,  361.11911848,  353.98659963,  493.75732437,\n",
       "         495.32943214,  455.95856804],\n",
       "       [ 497.09551181,  572.95061973,  473.82257338,  626.90607466,\n",
       "         454.127399  ,  572.19802228,  648.83786917,  461.93506376,\n",
       "         391.00887046,  636.59539648,  554.70075945,  591.72381239,\n",
       "         529.0108571 ,  463.4056737 ,  674.80154854,  380.13935139,\n",
       "         400.82259715,  359.321831  ,  390.40599791,  389.02998231,\n",
       "         406.88477181,  378.41094089,  389.42674839,  441.18993975,\n",
       "         440.95881861,  412.16009183,  499.53868699,  675.32901597,\n",
       "         738.31560575,  546.69588106],\n",
       "       [ 528.25162037,  659.01182333,  494.88310311,  600.87931833,\n",
       "         481.87369342,  592.27631459,  672.55080808,  413.14902941,\n",
       "         434.27232453,  554.70075945,  705.17834734,  593.081285  ,\n",
       "         526.67917298,  490.21185667,  666.31859315,  448.84040897,\n",
       "         418.22907696,  353.46614342,  404.47079908,  406.51333325,\n",
       "         418.34748571,  403.45421572,  425.64707705,  473.16376544,\n",
       "         423.25261508,  425.85871796,  497.76053391,  592.17745329,\n",
       "         673.26334448,  654.02232696],\n",
       "       [ 583.50428733,  659.82447641,  556.17465472,  766.91788856,\n",
       "         479.90903229,  681.79840497,  800.1121028 ,  603.9834336 ,\n",
       "         427.87306934,  591.72381239,  593.081285  ,  719.2494699 ,\n",
       "         643.79973649,  547.42192528,  765.48389321,  445.8130839 ,\n",
       "         467.00237061,  429.58709   ,  448.53175792,  481.48851406,\n",
       "         507.75764761,  424.27008101,  470.05845772,  536.81226348,\n",
       "         512.41425944,  505.97245848,  586.94646366,  843.11494698,\n",
       "         885.2228907 ,  613.53869198],\n",
       "       [ 534.28356106,  617.63255634,  528.03143459,  749.70999043,\n",
       "         443.28860275,  651.89619431,  778.96187537,  607.14997212,\n",
       "         401.91172512,  529.0108571 ,  526.67917298,  643.79973649,\n",
       "         638.58386411,  505.9940596 ,  688.17126149,  420.11152466,\n",
       "         450.15797807,  419.55232138,  409.85728984,  463.85171912,\n",
       "         484.44578755,  386.5319466 ,  429.95397665,  492.98158936,\n",
       "         471.25919593,  493.15795327,  533.02854767,  781.18238663,\n",
       "         815.18150297,  566.00690276],\n",
       "       [ 539.17059781,  597.52865072,  434.62630429,  628.65868117,\n",
       "         374.67643431,  530.42045005,  674.88613477,  481.99650602,\n",
       "         341.41330698,  463.4056737 ,  490.21185667,  547.42192528,\n",
       "         505.9940596 ,  542.256959  ,  598.39097679,  406.22877466,\n",
       "         373.40209321,  334.24159784,  380.26154093,  376.09724035,\n",
       "         406.76882854,  374.44753056,  415.0845604 ,  479.61756538,\n",
       "         423.68304529,  394.80535983,  464.67295483,  676.17924987,\n",
       "         740.13130294,  572.664589  ],\n",
       "       [ 638.20387856,  698.98636316,  600.81662526,  824.58311533,\n",
       "         533.38749247,  733.18781323,  847.21256111,  642.43220308,\n",
       "         466.26321529,  674.80154854,  666.31859315,  765.48389321,\n",
       "         688.17126149,  598.39097679,  873.28310607,  467.0580027 ,\n",
       "         503.41127223,  463.34323622,  503.71171256,  511.25048756,\n",
       "         535.85905076,  477.03057411,  510.54275502,  585.32271837,\n",
       "         574.78916334,  547.08981526,  650.77501658,  939.73936392,\n",
       "         992.96760037,  651.10784601],\n",
       "       [ 442.29643334,  806.03039632,  386.96916012,  606.26341912,\n",
       "         364.19279789,  453.54213071,  721.94292661,  388.62676598,\n",
       "         340.90360949,  380.13935139,  448.84040897,  445.8130839 ,\n",
       "         420.11152466,  406.22877466,  467.0580027 ,  562.98242228,\n",
       "         351.50068065,  272.00398668,  278.48862667,  316.57756947,\n",
       "         344.8753653 ,  263.18406138,  304.67810076,  337.0846617 ,\n",
       "         302.76288879,  326.99566497,  364.8219826 ,  456.99495375,\n",
       "         493.47612352,  670.81436045],\n",
       "       [ 396.3704974 ,  505.38724892,  412.74839831,  656.20912606,\n",
       "         393.80831144,  484.0612607 ,  691.49657902,  521.09015041,\n",
       "         385.61867621,  400.82259715,  418.22907696,  467.00237061,\n",
       "         450.15797807,  373.40209321,  503.41127223,  351.50068065,\n",
       "         524.55137578,  336.26578126,  321.55285717,  355.277681  ,\n",
       "         366.40084711,  304.77181716,  327.14589323,  376.50398819,\n",
       "         380.38398317,  393.42106876,  387.98022594,  580.85674945,\n",
       "         581.87187289,  447.83781778],\n",
       "       [ 350.32943251,  390.2241856 ,  350.14787816,  504.21066812,\n",
       "         302.74513275,  439.49503661,  532.71767936,  458.49471311,\n",
       "         311.08846899,  359.321831  ,  353.46614342,  429.58709   ,\n",
       "         419.55232138,  334.24159784,  463.34323622,  272.00398668,\n",
       "         336.26578126,  395.8590337 ,  306.72978052,  341.06948474,\n",
       "         344.88546653,  288.12984374,  306.61265042,  364.85184449,\n",
       "         361.56262731,  378.45658631,  357.90516372,  587.45046319,\n",
       "         562.36915835,  345.81434794],\n",
       "       [ 397.05064835,  399.8702055 ,  347.30766647,  486.33541305,\n",
       "         299.61248274,  432.6967213 ,  521.35041606,  426.81749075,\n",
       "         301.25069246,  390.40599791,  404.47079908,  448.53175792,\n",
       "         409.85728984,  380.26154093,  503.71171256,  278.48862667,\n",
       "         321.55285717,  306.72978052,  412.70766346,  330.183814  ,\n",
       "         341.84620958,  325.80639643,  348.52716838,  413.00380793,\n",
       "         393.02899114,  359.39188153,  387.50846203,  619.08313068,\n",
       "         641.19966163,  363.1586552 ],\n",
       "       [ 395.61788428,  455.52188932,  392.8825955 ,  550.62732393,\n",
       "         322.87679488,  489.90859035,  589.37812336,  481.67984402,\n",
       "         328.23165976,  389.02998231,  406.51333325,  481.48851406,\n",
       "         463.85171912,  376.09724035,  511.25048756,  316.57756947,\n",
       "         355.277681  ,  341.06948474,  330.183814  ,  446.25175184,\n",
       "         381.71380744,  303.66259733,  342.15269661,  398.86211275,\n",
       "         378.42318396,  403.50217223,  402.19472548,  624.03994105,\n",
       "         612.21933244,  413.73512224],\n",
       "       [ 429.17310635,  497.37291567,  404.49727025,  578.902077  ,\n",
       "         333.0371044 ,  502.41503609,  623.6417267 ,  495.261644  ,\n",
       "         335.24135248,  406.88477181,  418.34748571,  507.75764761,\n",
       "         484.44578755,  406.76882854,  535.85905076,  344.8753653 ,\n",
       "         366.40084711,  344.88546653,  341.84620958,  381.71380744,\n",
       "         479.78861289,  315.0348246 ,  361.11811955,  416.53390522,\n",
       "         392.54414166,  408.41812551,  421.72183699,  652.8789075 ,\n",
       "         650.09720605,  457.92844191],\n",
       "       [ 396.56075298,  383.68348046,  330.8323421 ,  459.68161975,\n",
       "         298.4361892 ,  409.3970026 ,  488.24178846,  391.93315902,\n",
       "         288.05973446,  378.41094089,  403.45421572,  424.27008101,\n",
       "         386.5319466 ,  374.44753056,  477.03057411,  263.18406138,\n",
       "         304.77181716,  288.12984374,  325.80639643,  303.66259733,\n",
       "         315.0348246 ,  397.80404154,  340.53809774,  404.16519541,\n",
       "         370.12816031,  330.87543551,  365.80234209,  570.64673085,\n",
       "         602.39546041,  349.47285338],\n",
       "       [ 435.39937382,  439.86875024,  363.50188338,  507.19571037,\n",
       "         302.31336769,  450.97784474,  547.11776031,  432.27953135,\n",
       "         304.93186241,  389.42674839,  425.64707705,  470.05845772,\n",
       "         429.95397665,  415.0845604 ,  510.54275502,  304.67810076,\n",
       "         327.14589323,  306.61265042,  348.52716838,  342.15269661,\n",
       "         361.11811955,  340.53809774,  444.78552836,  448.62078506,\n",
       "         387.16467999,  365.32805494,  401.27385125,  621.22784604,\n",
       "         652.19679891,  406.36304051],\n",
       "       [ 501.78926031,  483.40202765,  411.08471561,  584.82036731,\n",
       "         334.94743597,  513.2849223 ,  629.19899129,  522.4072712 ,\n",
       "         345.95172497,  441.18993975,  473.16376544,  536.81226348,\n",
       "         492.98158936,  479.61756538,  585.32271837,  337.0846617 ,\n",
       "         376.50398819,  364.85184449,  413.00380793,  398.86211275,\n",
       "         416.53390522,  404.16519541,  448.62078506,  612.26080598,\n",
       "         468.0417978 ,  433.31469015,  461.42897787,  757.17419176,\n",
       "         769.30688683,  441.64932739],\n",
       "       [ 440.33205959,  432.97714318,  390.88079718,  564.41138527,\n",
       "         335.88837089,  490.24637932,  596.94153573,  512.65031311,\n",
       "         337.1300427 ,  440.95881861,  423.25261508,  512.41425944,\n",
       "         471.25919593,  423.68304529,  574.78916334,  302.76288879,\n",
       "         380.38398317,  361.56262731,  393.02899114,  378.42318396,\n",
       "         392.54414166,  370.12816031,  387.16467999,  468.0417978 ,\n",
       "         549.26185678,  415.02913903,  445.6471516 ,  747.54108097,\n",
       "         756.85341059,  383.19094542],\n",
       "       [ 415.78560918,  469.09464085,  420.34030169,  602.77639292,\n",
       "         344.29826494,  526.38040825,  637.16999528,  550.7117024 ,\n",
       "         361.11911848,  412.16009183,  425.85871796,  505.97245848,\n",
       "         493.15795327,  394.80535983,  547.08981526,  326.99566497,\n",
       "         393.42106876,  378.45658631,  359.39188153,  403.50217223,\n",
       "         408.41812551,  330.87543551,  365.32805494,  433.31469015,\n",
       "         415.02913903,  509.35579334,  422.57685318,  688.98513641,\n",
       "         658.46715764,  417.85157511],\n",
       "       [ 488.69976998,  536.52155173,  459.9284388 ,  634.6920892 ,\n",
       "         391.79055823,  566.055624  ,  663.94209466,  506.30058935,\n",
       "         353.98659963,  499.53868699,  497.76053391,  586.94646366,\n",
       "         533.02854767,  464.67295483,  650.77501658,  364.8219826 ,\n",
       "         387.98022594,  357.90516372,  387.50846203,  402.19472548,\n",
       "         421.72183699,  365.80234209,  401.27385125,  461.42897787,\n",
       "         445.6471516 ,  422.57685318,  557.08000124,  740.27394979,\n",
       "         769.24019565,  494.62173051],\n",
       "       [ 698.6055117 ,  650.35060818,  625.69056233,  949.84093909,\n",
       "         476.09792679,  795.98795046,  987.04085416,  897.76893933,\n",
       "         493.75732437,  675.32901597,  592.17745329,  843.11494698,\n",
       "         781.18238663,  676.17924987,  939.73936392,  456.99495375,\n",
       "         580.85674945,  587.45046319,  619.08313068,  624.03994105,\n",
       "         652.8789075 ,  570.64673085,  621.22784604,  757.17419176,\n",
       "         747.54108097,  688.98513641,  740.27394979, 1324.321313  ,\n",
       "        1258.12958757,  545.96608789],\n",
       "       [ 769.30460002,  725.31926906,  670.49809259,  992.64529797,\n",
       "         538.27101127,  837.8321475 , 1015.8766265 ,  853.93623232,\n",
       "         495.32943214,  738.31560575,  673.26334448,  885.2228907 ,\n",
       "         815.18150297,  740.13130294,  992.96760037,  493.47612352,\n",
       "         581.87187289,  562.36915835,  641.19966163,  612.21933244,\n",
       "         650.09720605,  602.39546041,  652.19679891,  769.30688683,\n",
       "         756.85341059,  658.46715764,  769.24019565, 1258.12958757,\n",
       "        1367.29368231,  633.54084695],\n",
       "       [ 633.65563467, 1010.26922682,  534.543318  ,  749.66421146,\n",
       "         521.70961923,  617.34176341,  858.48514452,  447.42669566,\n",
       "         455.95856804,  546.69588106,  654.02232696,  613.53869198,\n",
       "         566.00690276,  572.664589  ,  651.10784601,  670.81436045,\n",
       "         447.83781778,  345.81434794,  363.1586552 ,  413.73512224,\n",
       "         457.92844191,  349.47285338,  406.36304051,  441.64932739,\n",
       "         383.19094542,  417.85157511,  494.62173051,  545.96608789,\n",
       "         633.54084695, 1057.97102816]])"
      ]
     },
     "execution_count": 59,
     "metadata": {},
     "output_type": "execute_result"
    }
   ],
   "source": [
    "Covarianza"
   ]
  },
  {
   "cell_type": "code",
   "execution_count": 60,
   "metadata": {},
   "outputs": [],
   "source": [
    "scale_base = (base - base.mean())/base.std() #base de datos escalada, la matriz de covarianza de los datos escalados es igual a la matriz de correlaci칩n de elos datos normales"
   ]
  },
  {
   "cell_type": "code",
   "execution_count": 64,
   "metadata": {},
   "outputs": [],
   "source": [
    "Corr1 = scale_base.cov() #covarianza sobre los datos escalados\n",
    "Corr2 = Correlacion = base.corr()#matriz de correlaci칩n\n"
   ]
  },
  {
   "cell_type": "code",
   "execution_count": 66,
   "metadata": {},
   "outputs": [],
   "source": [
    "eigen_values_vectos = np.linalg.eig(Corr1)"
   ]
  },
  {
   "cell_type": "code",
   "execution_count": 74,
   "metadata": {},
   "outputs": [
    {
     "name": "stdout",
     "output_type": "stream",
     "text": [
      "23.03\n",
      "1.74\n",
      "1.0\n",
      "0.69\n",
      "0.49\n",
      "0.45\n",
      "0.29\n",
      "0.22\n",
      "0.21\n",
      "0.01\n",
      "0.02\n",
      "0.02\n",
      "0.03\n",
      "0.03\n",
      "0.04\n",
      "0.05\n",
      "0.06\n",
      "0.07\n",
      "0.08\n",
      "0.08\n",
      "0.09\n",
      "0.18\n",
      "0.17\n",
      "0.16\n",
      "0.16\n",
      "0.11\n",
      "0.15\n",
      "0.12\n",
      "0.13\n",
      "0.13\n"
     ]
    }
   ],
   "source": [
    "Eigenvalores = eigen_values_vectos[0]\n",
    "for eigenvalor in Eigenvalores:\n",
    "    print(round(eigenvalor,2))"
   ]
  },
  {
   "cell_type": "code",
   "execution_count": 75,
   "metadata": {},
   "outputs": [
    {
     "data": {
      "text/plain": [
       "array([2.30343264e+01, 1.73881986e+00, 1.00192107e+00, 6.85168016e-01,\n",
       "       4.94125361e-01, 4.51278808e-01, 2.88420079e-01, 2.22519235e-01,\n",
       "       2.12858211e-01, 1.32743817e-02, 1.51543915e-02, 1.96679574e-02,\n",
       "       2.52482696e-02, 3.02907753e-02, 3.95858805e-02, 4.58665218e-02,\n",
       "       5.63578935e-02, 6.63332928e-02, 7.50807576e-02, 8.04996240e-02,\n",
       "       8.57307368e-02, 1.77463947e-01, 1.73933890e-01, 1.64444330e-01,\n",
       "       1.59555319e-01, 1.05519447e-01, 1.48121923e-01, 1.21999462e-01,\n",
       "       1.34312632e-01, 1.32121560e-01])"
      ]
     },
     "execution_count": 75,
     "metadata": {},
     "output_type": "execute_result"
    }
   ],
   "source": [
    "Eigengectores = eigen_values_vectos[1]\n",
    "Eigenvectores"
   ]
  },
  {
   "cell_type": "code",
   "execution_count": 56,
   "metadata": {},
   "outputs": [
    {
     "data": {
      "text/plain": [
       "array([ 22.59426302, -16.40784167,   9.09108748,   4.78558444,\n",
       "         2.45894102,   1.6995729 ,   1.09476065,   1.00578351,\n",
       "         0.82910545,   0.68787638,   0.06032004,   0.06685896,\n",
       "         0.10185353,   0.10884695,   0.12068707,   0.14700897,\n",
       "         0.59516538,   0.20996981,   0.23977529,   0.25156531,\n",
       "         0.32137748,   0.52405156,   0.50318445,   0.36743366,\n",
       "         0.45929487,   0.44519922,   0.43178955,   0.41751131,\n",
       "         0.39918287,   0.38173515])"
      ]
     },
     "execution_count": 56,
     "metadata": {},
     "output_type": "execute_result"
    }
   ],
   "source": [
    "m[0]\n"
   ]
  },
  {
   "cell_type": "code",
   "execution_count": 48,
   "metadata": {},
   "outputs": [
    {
     "data": {
      "text/plain": [
       "array([-0.19693636, -0.07473161,  0.08123126, -0.1639276 ,  0.18648823,\n",
       "        0.04005492, -0.18775482,  0.05059254, -0.04617048, -0.12816629,\n",
       "       -0.47697179, -0.1632065 ,  0.32541249, -0.44381381,  0.17667252,\n",
       "        0.12261167, -0.11883331,  0.02840793, -0.09024128,  0.1878645 ,\n",
       "       -0.01378625,  0.2098644 , -0.02046525, -0.06384266, -0.10916391,\n",
       "        0.05257043, -0.05336295, -0.2950068 ,  0.10340975,  0.06177241])"
      ]
     },
     "execution_count": 48,
     "metadata": {},
     "output_type": "execute_result"
    }
   ],
   "source": [
    "m[1][2]"
   ]
  }
 ],
 "metadata": {
  "interpreter": {
   "hash": "f08154012ddadd8e950e6e9e035c7a7b32c136e7647e9b7c77e02eb723a8bedb"
  },
  "kernelspec": {
   "display_name": "Python 3.8.8 ('base')",
   "language": "python",
   "name": "python3"
  },
  "language_info": {
   "codemirror_mode": {
    "name": "ipython",
    "version": 3
   },
   "file_extension": ".py",
   "mimetype": "text/x-python",
   "name": "python",
   "nbconvert_exporter": "python",
   "pygments_lexer": "ipython3",
   "version": "3.8.8"
  },
  "orig_nbformat": 4
 },
 "nbformat": 4,
 "nbformat_minor": 2
}
